0
0
0.2756894619107178
0.2730958989279121
0
0
0
0
0
0
0
0.2754189034584187
0.27541665740541155
0.2777207703121135
0.2760140675970888
0.2730975452473057
0.2718166251966021
0
0
0
0
0.27540068341771967
0.2754181550476367
0.2670590210441147
0.26892612196634125
0.2740594748443351
0.2664935880145642
0.271639103134761
0.2733844093081226
0
0
0.2750519720610945
0.27615328822780705
0.26715252596187034
0.2783335795695342
0.2748585622231187
0.26682636965375073
0.26752421320506703
0.26782478268211557
0.2678235117111668
0
0.275193267099017
0.2737338822949517
0.2734366086426782
0.2668786331640483
0.27299518977419474
0.2668467946746437
0.26752330611815966
0.26640994114118904
0.2649364908512808
0
0.2751894976432846
0.27514796301783445
0.2728572344577707
0.27511279606122635
0.25950532430167017
0.27525187444630506
0.2664815319910526
0.2681701259128654
0.26448064581435277
0
0.2547505953230586
0.24665378603066418
0.2604677730439794
0.27045952623037156
0.2709794308547112
0.2534999070714121
0.27143757090876924
0.2681700739508438
0.26954865421585655
0
0.25639607906449485
0.2516832123813364
0.2706630001280559
0.26800538191349804
0.26794734912553914
0.2596794715651524
0.27199393487192036
0.24951652551513986
0.27708022740728905
0
0.2564154458667204
0.2576492404314473
0.25104231881690403
0.26692186689296926
0.23946628870275122
0.2508076969343316
0.26656276537783574
0.2686796805357461
0.2566483714257193
0
0.24931535595324392
0.25420080605750184
0.2685720342477332
0.25914565622944646
0.24058160317484492
0.23552147258264972
0.26078745777644774
0.2722391583698314
0.2504444310407029
