0,0,0,0,0.00,0.00,0.00,0.00
0,0,1,0,0.00,0.00,0.00,0.00
0,0,2,9,0.25,0.29,0.26,0.01
0,0,3,2,0.31,0.36,0.33,0.03
0,0,4,0,0.00,0.00,0.00,0.00
0,0,5,0,0.00,0.00,0.00,0.00
0,0,6,0,0.00,0.00,0.00,0.00
0,0,7,0,0.00,0.00,0.00,0.00
0,0,8,0,0.00,0.00,0.00,0.00
0,0,9,0,0.00,0.00,0.00,0.00
0,1,0,0,0.00,0.00,0.00,0.00
0,1,1,0,0.00,0.00,0.00,0.00
0,1,2,8,0.26,0.29,0.28,0.01
0,1,3,1,0.33,0.33,0.33,0.00
0,1,4,0,0.00,0.00,0.00,0.00
0,1,5,0,0.00,0.00,0.00,0.00
0,1,6,0,0.00,0.00,0.00,0.00
0,1,7,0,0.00,0.00,0.00,0.00
0,1,8,0,0.00,0.00,0.00,0.00
0,1,9,0,0.00,0.00,0.00,0.00
0,2,0,0,0.00,0.00,0.00,0.00
0,2,1,0,0.00,0.00,0.00,0.00
0,2,2,3,0.27,0.30,0.29,0.01
0,2,3,3,0.31,0.38,0.35,0.03
0,2,4,1,0.41,0.41,0.41,0.00
0,2,5,1,0.57,0.57,0.57,0.00
0,2,6,0,0.00,0.00,0.00,0.00
0,2,7,0,0.00,0.00,0.00,0.00
0,2,8,0,0.00,0.00,0.00,0.00
0,2,9,0,0.00,0.00,0.00,0.00
0,3,0,0,0.00,0.00,0.00,0.00
0,3,1,0,0.00,0.00,0.00,0.00
0,3,2,2,0.25,0.28,0.27,0.02
0,3,3,5,0.30,0.38,0.35,0.03
0,3,4,3,0.41,0.46,0.43,0.02
0,3,5,1,0.58,0.58,0.58,0.00
0,3,6,1,0.65,0.65,0.65,0.00
0,3,7,0,0.00,0.00,0.00,0.00
0,3,8,0,0.00,0.00,0.00,0.00
0,3,9,0,0.00,0.00,0.00,0.00
0,4,0,0,0.00,0.00,0.00,0.00
0,4,1,0,0.00,0.00,0.00,0.00
0,4,2,1,0.30,0.30,0.30,0.00
0,4,3,2,0.32,0.35,0.33,0.01
0,4,4,0,0.00,0.00,0.00,0.00
0,4,5,2,0.54,0.57,0.56,0.01
0,4,6,3,0.65,0.69,0.66,0.02
0,4,7,1,0.73,0.73,0.73,0.00
0,4,8,1,0.86,0.86,0.86,0.00
0,4,9,0,0.00,0.00,0.00,0.00
0,5,0,0,0.00,0.00,0.00,0.00
0,5,1,0,0.00,0.00,0.00,0.00
0,5,2,1,0.26,0.26,0.26,0.00
0,5,3,4,0.33,0.38,0.36,0.02
0,5,4,5,0.41,0.50,0.45,0.04
0,5,5,1,0.57,0.57,0.57,0.00
0,5,6,0,0.00,0.00,0.00,0.00
0,5,7,0,0.00,0.00,0.00,0.00
0,5,8,0,0.00,0.00,0.00,0.00
0,5,9,1,0.93,0.93,0.93,0.00
0,6,0,0,0.00,0.00,0.00,0.00
0,6,1,0,0.00,0.00,0.00,0.00
0,6,2,2,0.28,0.28,0.28,0.00
0,6,3,1,0.32,0.32,0.32,0.00
0,6,4,1,0.41,0.41,0.41,0.00
0,6,5,1,0.56,0.56,0.56,0.00
0,6,6,2,0.63,0.70,0.66,0.03
0,6,7,0,0.00,0.00,0.00,0.00
0,6,8,0,0.00,0.00,0.00,0.00
0,6,9,0,0.00,0.00,0.00,0.00
0,7,0,0,0.00,0.00,0.00,0.00
0,7,1,0,0.00,0.00,0.00,0.00
0,7,2,1,0.29,0.29,0.29,0.00
0,7,3,4,0.30,0.36,0.33,0.02
0,7,4,1,0.43,0.43,0.43,0.00
0,7,5,2,0.51,0.55,0.53,0.02
0,7,6,0,0.00,0.00,0.00,0.00
0,7,7,2,0.74,0.78,0.76,0.02
0,7,8,0,0.00,0.00,0.00,0.00
0,7,9,0,0.00,0.00,0.00,0.00
0,8,0,0,0.00,0.00,0.00,0.00
0,8,1,0,0.00,0.00,0.00,0.00
0,8,2,0,0.00,0.00,0.00,0.00
0,8,3,2,0.37,0.40,0.39,0.01
0,8,4,4,0.41,0.49,0.44,0.03
0,8,5,0,0.00,0.00,0.00,0.00
0,8,6,1,0.69,0.69,0.69,0.00
0,8,7,1,0.77,0.77,0.77,0.00
0,8,8,3,0.81,0.85,0.84,0.02
0,8,9,0,0.00,0.00,0.00,0.00
0,9,0,0,0.00,0.00,0.00,0.00
0,9,1,0,0.00,0.00,0.00,0.00
0,9,2,0,0.00,0.00,0.00,0.00
0,9,3,0,0.00,0.00,0.00,0.00
0,9,4,4,0.40,0.50,0.47,0.04
0,9,5,2,0.51,0.53,0.52,0.01
0,9,6,1,0.61,0.61,0.61,0.00
0,9,7,1,0.78,0.78,0.78,0.00
0,9,8,0,0.00,0.00,0.00,0.00
0,9,9,1,0.93,0.93,0.93,0.00
100,0,0,0,0.00,0.00,0.00,0.00
100,0,1,0,0.00,0.00,0.00,0.00
100,0,2,1,0.24,0.24,0.24,0.00
100,0,3,1,0.30,0.30,0.30,0.00
100,0,4,0,0.00,0.00,0.00,0.00
100,0,5,0,0.00,0.00,0.00,0.00
100,0,6,0,0.00,0.00,0.00,0.00
100,0,7,0,0.00,0.00,0.00,0.00
100,0,8,0,0.00,0.00,0.00,0.00
100,0,9,0,0.00,0.00,0.00,0.00
100,1,0,0,0.00,0.00,0.00,0.00
100,1,1,1,0.18,0.18,0.18,0.00
100,1,2,1,0.20,0.20,0.20,0.00
100,1,3,1,0.30,0.30,0.30,0.00
100,1,4,1,0.41,0.41,0.41,0.00
100,1,5,0,0.00,0.00,0.00,0.00
100,1,6,0,0.00,0.00,0.00,0.00
100,1,7,0,0.00,0.00,0.00,0.00
100,1,8,0,0.00,0.00,0.00,0.00
100,1,9,0,0.00,0.00,0.00,0.00
100,2,0,0,0.00,0.00,0.00,0.00
100,2,1,1,0.15,0.15,0.15,0.00
100,2,2,1,0.20,0.20,0.20,0.00
100,2,3,1,0.30,0.30,0.30,0.00
100,2,4,1,0.40,0.40,0.40,0.00
100,2,5,1,0.50,0.50,0.50,0.00
100,2,6,1,0.62,0.62,0.62,0.00
100,2,7,1,0.75,0.75,0.75,0.00
100,2,8,0,0.00,0.00,0.00,0.00
100,2,9,0,0.00,0.00,0.00,0.00
100,3,0,0,0.00,0.00,0.00,0.00
100,3,1,1,0.17,0.17,0.17,0.00
100,3,2,1,0.20,0.20,0.20,0.00
100,3,3,1,0.30,0.30,0.30,0.00
100,3,4,2,0.40,0.40,0.40,0.00
100,3,5,2,0.50,0.50,0.50,0.00
100,3,6,1,0.60,0.60,0.60,0.00
100,3,7,1,0.70,0.70,0.70,0.00
100,3,8,1,0.80,0.80,0.80,0.00
100,3,9,1,0.93,0.93,0.93,0.00
100,4,0,0,0.00,0.00,0.00,0.00
100,4,1,1,0.20,0.20,0.20,0.00
100,4,2,1,0.21,0.21,0.21,0.00
100,4,3,3,0.30,0.33,0.32,0.01
100,4,4,4,0.40,0.41,0.40,0.00
100,4,5,3,0.50,0.51,0.50,0.00
100,4,6,1,0.60,0.60,0.60,0.00
100,4,7,2,0.70,0.70,0.70,0.00
100,4,8,1,0.80,0.80,0.80,0.00
100,4,9,1,0.90,0.90,0.90,0.00
100,5,0,0,0.00,0.00,0.00,0.00
100,5,1,1,0.20,0.20,0.20,0.00
100,5,2,5,0.21,0.30,0.28,0.03
100,5,3,8,0.30,0.36,0.32,0.02
100,5,4,7,0.40,0.43,0.41,0.01
100,5,5,6,0.50,0.53,0.51,0.01
100,5,6,6,0.60,0.60,0.60,0.00
100,5,7,4,0.70,0.71,0.70,0.00
100,5,8,2,0.80,0.80,0.80,0.00
100,5,9,2,0.90,0.90,0.90,0.00
100,6,0,0,0.00,0.00,0.00,0.00
100,6,1,0,0.00,0.00,0.00,0.00
100,6,2,5,0.21,0.29,0.25,0.03
100,6,3,8,0.30,0.39,0.33,0.04
100,6,4,10,0.40,0.48,0.42,0.03
100,6,5,7,0.50,0.59,0.51,0.03
100,6,6,8,0.60,0.60,0.60,0.00
100,6,7,7,0.70,0.71,0.70,0.00
100,6,8,4,0.80,0.87,0.83,0.03
100,6,9,3,0.90,0.92,0.91,0.01
100,7,0,0,0.00,0.00,0.00,0.00
100,7,1,0,0.00,0.00,0.00,0.00
100,7,2,4,0.23,0.29,0.26,0.02
100,7,3,10,0.30,0.39,0.32,0.03
100,7,4,13,0.40,0.42,0.40,0.00
100,7,5,11,0.50,0.58,0.51,0.02
100,7,6,13,0.60,0.61,0.60,0.00
100,7,7,12,0.70,0.71,0.70,0.00
100,7,8,8,0.80,0.83,0.81,0.01
100,7,9,8,0.90,0.90,0.90,0.00
100,8,0,0,0.00,0.00,0.00,0.00
100,8,1,0,0.00,0.00,0.00,0.00
100,8,2,3,0.24,0.28,0.26,0.02
100,8,3,11,0.30,0.35,0.33,0.02
100,8,4,20,0.40,0.48,0.42,0.02
100,8,5,18,0.50,0.53,0.50,0.01
100,8,6,19,0.60,0.65,0.61,0.01
100,8,7,17,0.70,0.72,0.70,0.01
100,8,8,18,0.80,0.83,0.80,0.01
100,8,9,12,0.90,0.92,0.90,0.01
100,9,0,0,0.00,0.00,0.00,0.00
100,9,1,0,0.00,0.00,0.00,0.00
100,9,2,1,0.24,0.24,0.24,0.00
100,9,3,9,0.30,0.38,0.34,0.02
100,9,4,16,0.40,0.49,0.42,0.03
100,9,5,20,0.50,0.57,0.51,0.01
100,9,6,19,0.60,0.63,0.61,0.01
100,9,7,21,0.70,0.76,0.70,0.01
100,9,8,17,0.80,0.87,0.81,0.02
100,9,9,16,0.90,0.93,0.91,0.01
200,0,0,0,0.00,0.00,0.00,0.00
200,0,1,0,0.00,0.00,0.00,0.00
200,0,2,1,0.24,0.24,0.24,0.00
200,0,3,1,0.30,0.30,0.30,0.00
200,0,4,0,0.00,0.00,0.00,0.00
200,0,5,0,0.00,0.00,0.00,0.00
200,0,6,0,0.00,0.00,0.00,0.00
200,0,7,0,0.00,0.00,0.00,0.00
200,0,8,0,0.00,0.00,0.00,0.00
200,0,9,0,0.00,0.00,0.00,0.00
200,1,0,0,0.00,0.00,0.00,0.00
200,1,1,1,0.18,0.18,0.18,0.00
200,1,2,1,0.20,0.20,0.20,0.00
200,1,3,1,0.30,0.30,0.30,0.00
200,1,4,1,0.40,0.40,0.40,0.00
200,1,5,0,0.00,0.00,0.00,0.00
200,1,6,0,0.00,0.00,0.00,0.00
200,1,7,0,0.00,0.00,0.00,0.00
200,1,8,0,0.00,0.00,0.00,0.00
200,1,9,0,0.00,0.00,0.00,0.00
200,2,0,0,0.00,0.00,0.00,0.00
200,2,1,1,0.15,0.15,0.15,0.00
200,2,2,1,0.20,0.20,0.20,0.00
200,2,3,1,0.30,0.30,0.30,0.00
200,2,4,1,0.40,0.40,0.40,0.00
200,2,5,1,0.50,0.50,0.50,0.00
200,2,6,1,0.60,0.60,0.60,0.00
200,2,7,1,0.75,0.75,0.75,0.00
200,2,8,0,0.00,0.00,0.00,0.00
200,2,9,0,0.00,0.00,0.00,0.00
200,3,0,0,0.00,0.00,0.00,0.00
200,3,1,1,0.15,0.15,0.15,0.00
200,3,2,1,0.20,0.20,0.20,0.00
200,3,3,1,0.30,0.30,0.30,0.00
200,3,4,2,0.40,0.40,0.40,0.00
200,3,5,2,0.50,0.50,0.50,0.00
200,3,6,1,0.60,0.60,0.60,0.00
200,3,7,1,0.70,0.70,0.70,0.00
200,3,8,1,0.80,0.80,0.80,0.00
200,3,9,1,0.90,0.90,0.90,0.00
200,4,0,0,0.00,0.00,0.00,0.00
200,4,1,1,0.18,0.18,0.18,0.00
200,4,2,3,0.20,0.27,0.24,0.03
200,4,3,4,0.30,0.35,0.31,0.02
200,4,4,5,0.40,0.40,0.40,0.00
200,4,5,3,0.50,0.50,0.50,0.00
200,4,6,2,0.60,0.60,0.60,0.00
200,4,7,2,0.70,0.70,0.70,0.00
200,4,8,1,0.80,0.80,0.80,0.00
200,4,9,1,0.90,0.90,0.90,0.00
200,5,0,0,0.00,0.00,0.00,0.00
200,5,1,1,0.20,0.20,0.20,0.00
200,5,2,4,0.20,0.30,0.26,0.04
200,5,3,8,0.30,0.32,0.30,0.00
200,5,4,8,0.40,0.45,0.41,0.02
200,5,5,6,0.50,0.50,0.50,0.00
200,5,6,7,0.60,0.62,0.60,0.01
200,5,7,3,0.70,0.76,0.72,0.03
200,5,8,1,0.80,0.80,0.80,0.00
200,5,9,3,0.90,0.90,0.90,0.00
200,6,0,0,0.00,0.00,0.00,0.00
200,6,1,1,0.18,0.18,0.18,0.00
200,6,2,4,0.20,0.29,0.25,0.03
200,6,3,10,0.30,0.37,0.31,0.02
200,6,4,10,0.40,0.41,0.40,0.00
200,6,5,10,0.50,0.52,0.50,0.00
200,6,6,9,0.60,0.60,0.60,0.00
200,6,7,7,0.70,0.71,0.70,0.00
200,6,8,6,0.80,0.81,0.80,0.00
200,6,9,4,0.90,0.94,0.91,0.02
200,7,0,0,0.00,0.00,0.00,0.00
200,7,1,1,0.18,0.18,0.18,0.00
200,7,2,6,0.20,0.29,0.26,0.03
200,7,3,13,0.30,0.34,0.31,0.01
200,7,4,14,0.40,0.49,0.42,0.03
200,7,5,13,0.50,0.54,0.50,0.01
200,7,6,14,0.60,0.70,0.61,0.03
200,7,7,13,0.70,0.71,0.70,0.00
200,7,8,13,0.80,0.81,0.80,0.00
200,7,9,7,0.90,0.90,0.90,0.00
200,8,0,0,0.00,0.00,0.00,0.00
200,8,1,1,0.19,0.19,0.19,0.00
200,8,2,4,0.20,0.27,0.25,0.03
200,8,3,10,0.30,0.36,0.31,0.02
200,8,4,18,0.40,0.45,0.41,0.02
200,8,5,19,0.50,0.56,0.50,0.01
200,8,6,22,0.60,0.66,0.60,0.01
200,8,7,20,0.70,0.76,0.71,0.02
200,8,8,18,0.80,0.86,0.81,0.02
200,8,9,16,0.90,0.93,0.91,0.01
200,9,0,0,0.00,0.00,0.00,0.00
200,9,1,0,0.00,0.00,0.00,0.00
200,9,2,4,0.24,0.30,0.28,0.02
200,9,3,13,0.30,0.40,0.34,0.03
200,9,4,19,0.40,0.50,0.42,0.03
200,9,5,21,0.50,0.55,0.51,0.01
200,9,6,19,0.60,0.68,0.61,0.02
200,9,7,25,0.70,0.79,0.71,0.02
200,9,8,23,0.80,0.85,0.81,0.02
200,9,9,20,0.90,0.94,0.90,0.01
300,0,0,0,0.00,0.00,0.00,0.00
300,0,1,0,0.00,0.00,0.00,0.00
300,0,2,1,0.24,0.24,0.24,0.00
300,0,3,1,0.30,0.30,0.30,0.00
300,0,4,0,0.00,0.00,0.00,0.00
300,0,5,0,0.00,0.00,0.00,0.00
300,0,6,0,0.00,0.00,0.00,0.00
300,0,7,0,0.00,0.00,0.00,0.00
300,0,8,0,0.00,0.00,0.00,0.00
300,0,9,0,0.00,0.00,0.00,0.00
300,1,0,0,0.00,0.00,0.00,0.00
300,1,1,1,0.18,0.18,0.18,0.00
300,1,2,1,0.20,0.20,0.20,0.00
300,1,3,1,0.30,0.30,0.30,0.00
300,1,4,1,0.40,0.40,0.40,0.00
300,1,5,1,0.50,0.50,0.50,0.00
300,1,6,0,0.00,0.00,0.00,0.00
300,1,7,0,0.00,0.00,0.00,0.00
300,1,8,0,0.00,0.00,0.00,0.00
300,1,9,0,0.00,0.00,0.00,0.00
300,2,0,0,0.00,0.00,0.00,0.00
300,2,1,1,0.15,0.15,0.15,0.00
300,2,2,1,0.20,0.20,0.20,0.00
300,2,3,1,0.30,0.30,0.30,0.00
300,2,4,1,0.40,0.40,0.40,0.00
300,2,5,1,0.50,0.50,0.50,0.00
300,2,6,1,0.60,0.60,0.60,0.00
300,2,7,1,0.70,0.70,0.70,0.00
300,2,8,1,0.81,0.81,0.81,0.00
300,2,9,0,0.00,0.00,0.00,0.00
300,3,0,0,0.00,0.00,0.00,0.00
300,3,1,1,0.15,0.15,0.15,0.00
300,3,2,1,0.20,0.20,0.20,0.00
300,3,3,1,0.30,0.30,0.30,0.00
300,3,4,2,0.40,0.40,0.40,0.00
300,3,5,2,0.50,0.50,0.50,0.00
300,3,6,1,0.60,0.60,0.60,0.00
300,3,7,1,0.70,0.70,0.70,0.00
300,3,8,1,0.80,0.80,0.80,0.00
300,3,9,1,0.90,0.90,0.90,0.00
300,4,0,0,0.00,0.00,0.00,0.00
300,4,1,1,0.16,0.16,0.16,0.00
300,4,2,1,0.20,0.20,0.20,0.00
300,4,3,2,0.30,0.30,0.30,0.00
300,4,4,5,0.40,0.40,0.40,0.00
300,4,5,3,0.50,0.50,0.50,0.00
300,4,6,2,0.60,0.60,0.60,0.00
300,4,7,2,0.70,0.70,0.70,0.00
300,4,8,1,0.80,0.80,0.80,0.00
300,4,9,1,0.90,0.90,0.90,0.00
300,5,0,0,0.00,0.00,0.00,0.00
300,5,1,1,0.17,0.17,0.17,0.00
300,5,2,3,0.20,0.29,0.24,0.04
300,5,3,6,0.30,0.31,0.30,0.00
300,5,4,5,0.40,0.45,0.41,0.02
300,5,5,7,0.50,0.52,0.50,0.01
300,5,6,6,0.60,0.61,0.60,0.00
300,5,7,4,0.70,0.71,0.70,0.00
300,5,8,3,0.80,0.80,0.80,0.00
300,5,9,2,0.90,0.96,0.93,0.03
300,6,0,0,0.00,0.00,0.00,0.00
300,6,1,1,0.18,0.18,0.18,0.00
300,6,2,3,0.20,0.27,0.24,0.03
300,6,3,7,0.30,0.30,0.30,0.00
300,6,4,10,0.40,0.43,0.41,0.01
300,6,5,10,0.50,0.52,0.50,0.01
300,6,6,8,0.60,0.60,0.60,0.00
300,6,7,6,0.70,0.71,0.70,0.00
300,6,8,7,0.80,0.82,0.80,0.01
300,6,9,3,0.90,0.91,0.90,0.00
300,7,0,0,0.00,0.00,0.00,0.00
300,7,1,1,0.16,0.16,0.16,0.00
300,7,2,6,0.20,0.29,0.26,0.03
300,7,3,10,0.30,0.35,0.31,0.02
300,7,4,14,0.40,0.41,0.40,0.00
300,7,5,12,0.50,0.50,0.50,0.00
300,7,6,14,0.60,0.66,0.61,0.01
300,7,7,12,0.70,0.70,0.70,0.00
300,7,8,13,0.80,0.85,0.80,0.01
300,7,9,7,0.90,0.92,0.90,0.01
300,8,0,0,0.00,0.00,0.00,0.00
300,8,1,1,0.19,0.19,0.19,0.00
300,8,2,6,0.20,0.27,0.24,0.02
300,8,3,13,0.30,0.40,0.31,0.03
300,8,4,18,0.40,0.48,0.41,0.02
300,8,5,21,0.50,0.52,0.50,0.00
300,8,6,20,0.60,0.61,0.60,0.00
300,8,7,20,0.70,0.74,0.70,0.01
300,8,8,16,0.80,0.89,0.81,0.02
300,8,9,11,0.90,0.90,0.90,0.00
300,9,0,0,0.00,0.00,0.00,0.00
300,9,1,0,0.00,0.00,0.00,0.00
300,9,2,7,0.21,0.30,0.26,0.03
300,9,3,13,0.30,0.39,0.32,0.03
300,9,4,16,0.40,0.49,0.41,0.03
300,9,5,21,0.50,0.56,0.51,0.02
300,9,6,21,0.60,0.69,0.61,0.02
300,9,7,21,0.70,0.80,0.71,0.02
300,9,8,21,0.80,0.82,0.80,0.01
300,9,9,16,0.90,0.92,0.90,0.00
400,0,0,0,0.00,0.00,0.00,0.00
400,0,1,0,0.00,0.00,0.00,0.00
400,0,2,1,0.24,0.24,0.24,0.00
400,0,3,1,0.30,0.30,0.30,0.00
400,0,4,0,0.00,0.00,0.00,0.00
400,0,5,0,0.00,0.00,0.00,0.00
400,0,6,0,0.00,0.00,0.00,0.00
400,0,7,0,0.00,0.00,0.00,0.00
400,0,8,0,0.00,0.00,0.00,0.00
400,0,9,0,0.00,0.00,0.00,0.00
400,1,0,0,0.00,0.00,0.00,0.00
400,1,1,1,0.18,0.18,0.18,0.00
400,1,2,1,0.20,0.20,0.20,0.00
400,1,3,1,0.30,0.30,0.30,0.00
400,1,4,1,0.40,0.40,0.40,0.00
400,1,5,1,0.50,0.50,0.50,0.00
400,1,6,0,0.00,0.00,0.00,0.00
400,1,7,0,0.00,0.00,0.00,0.00
400,1,8,0,0.00,0.00,0.00,0.00
400,1,9,0,0.00,0.00,0.00,0.00
400,2,0,0,0.00,0.00,0.00,0.00
400,2,1,1,0.15,0.15,0.15,0.00
400,2,2,1,0.20,0.20,0.20,0.00
400,2,3,1,0.30,0.30,0.30,0.00
400,2,4,1,0.40,0.40,0.40,0.00
400,2,5,1,0.50,0.50,0.50,0.00
400,2,6,1,0.60,0.60,0.60,0.00
400,2,7,1,0.70,0.70,0.70,0.00
400,2,8,1,0.81,0.81,0.81,0.00
400,2,9,0,0.00,0.00,0.00,0.00
400,3,0,0,0.00,0.00,0.00,0.00
400,3,1,1,0.14,0.14,0.14,0.00
400,3,2,1,0.20,0.20,0.20,0.00
400,3,3,1,0.30,0.30,0.30,0.00
400,3,4,1,0.40,0.40,0.40,0.00
400,3,5,2,0.50,0.50,0.50,0.00
400,3,6,1,0.60,0.60,0.60,0.00
400,3,7,1,0.70,0.70,0.70,0.00
400,3,8,1,0.80,0.80,0.80,0.00
400,3,9,1,0.90,0.90,0.90,0.00
400,4,0,0,0.00,0.00,0.00,0.00
400,4,1,1,0.16,0.16,0.16,0.00
400,4,2,1,0.20,0.20,0.20,0.00
400,4,3,3,0.30,0.37,0.32,0.03
400,4,4,4,0.40,0.40,0.40,0.00
400,4,5,3,0.50,0.50,0.50,0.00
400,4,6,2,0.60,0.60,0.60,0.00
400,4,7,2,0.70,0.70,0.70,0.00
400,4,8,1,0.80,0.80,0.80,0.00
400,4,9,1,0.90,0.90,0.90,0.00
400,5,0,0,0.00,0.00,0.00,0.00
400,5,1,1,0.16,0.16,0.16,0.00
400,5,2,3,0.20,0.29,0.23,0.04
400,5,3,4,0.30,0.30,0.30,0.00
400,5,4,6,0.40,0.42,0.40,0.01
400,5,5,9,0.50,0.56,0.51,0.02
400,5,6,6,0.60,0.61,0.60,0.00
400,5,7,4,0.70,0.70,0.70,0.00
400,5,8,3,0.80,0.89,0.83,0.04
400,5,9,3,0.90,0.90,0.90,0.00
400,6,0,0,0.00,0.00,0.00,0.00
400,6,1,1,0.17,0.17,0.17,0.00
400,6,2,3,0.20,0.28,0.24,0.03
400,6,3,9,0.30,0.35,0.31,0.02
400,6,4,9,0.40,0.42,0.40,0.00
400,6,5,8,0.50,0.50,0.50,0.00
400,6,6,10,0.60,0.65,0.61,0.01
400,6,7,6,0.70,0.70,0.70,0.00
400,6,8,7,0.80,0.88,0.81,0.03
400,6,9,4,0.90,0.92,0.91,0.01
400,7,0,0,0.00,0.00,0.00,0.00
400,7,1,1,0.14,0.14,0.14,0.00
400,7,2,5,0.20,0.26,0.22,0.02
400,7,3,8,0.30,0.30,0.30,0.00
400,7,4,15,0.40,0.49,0.41,0.02
400,7,5,16,0.50,0.54,0.51,0.01
400,7,6,15,0.60,0.68,0.61,0.02
400,7,7,12,0.70,0.74,0.70,0.01
400,7,8,13,0.80,0.80,0.80,0.00
400,7,9,9,0.90,0.90,0.90,0.00
400,8,0,0,0.00,0.00,0.00,0.00
400,8,1,2,0.14,0.17,0.15,0.02
400,8,2,5,0.20,0.29,0.24,0.03
400,8,3,12,0.30,0.36,0.31,0.02
400,8,4,15,0.40,0.46,0.41,0.02
400,8,5,17,0.50,0.51,0.50,0.00
400,8,6,19,0.60,0.61,0.60,0.00
400,8,7,20,0.70,0.71,0.70,0.00
400,8,8,14,0.80,0.80,0.80,0.00
400,8,9,14,0.90,0.93,0.90,0.01
400,9,0,0,0.00,0.00,0.00,0.00
400,9,1,1,0.17,0.17,0.17,0.00
400,9,2,8,0.21,0.30,0.25,0.03
400,9,3,11,0.30,0.34,0.31,0.01
400,9,4,17,0.40,0.43,0.40,0.01
400,9,5,17,0.50,0.57,0.51,0.02
400,9,6,23,0.60,0.70,0.61,0.02
400,9,7,23,0.70,0.75,0.70,0.01
400,9,8,20,0.80,0.84,0.80,0.01
400,9,9,17,0.90,0.94,0.90,0.01
500,0,0,0,0.00,0.00,0.00,0.00
500,0,1,0,0.00,0.00,0.00,0.00
500,0,2,1,0.24,0.24,0.24,0.00
500,0,3,1,0.30,0.30,0.30,0.00
500,0,4,0,0.00,0.00,0.00,0.00
500,0,5,0,0.00,0.00,0.00,0.00
500,0,6,0,0.00,0.00,0.00,0.00
500,0,7,0,0.00,0.00,0.00,0.00
500,0,8,0,0.00,0.00,0.00,0.00
500,0,9,0,0.00,0.00,0.00,0.00
500,1,0,0,0.00,0.00,0.00,0.00
500,1,1,1,0.18,0.18,0.18,0.00
500,1,2,1,0.20,0.20,0.20,0.00
500,1,3,1,0.30,0.30,0.30,0.00
500,1,4,1,0.40,0.40,0.40,0.00
500,1,5,1,0.50,0.50,0.50,0.00
500,1,6,1,0.63,0.63,0.63,0.00
500,1,7,0,0.00,0.00,0.00,0.00
500,1,8,0,0.00,0.00,0.00,0.00
500,1,9,0,0.00,0.00,0.00,0.00
500,2,0,0,0.00,0.00,0.00,0.00
500,2,1,1,0.15,0.15,0.15,0.00
500,2,2,1,0.20,0.20,0.20,0.00
500,2,3,1,0.30,0.30,0.30,0.00
500,2,4,1,0.40,0.40,0.40,0.00
500,2,5,1,0.50,0.50,0.50,0.00
500,2,6,1,0.60,0.60,0.60,0.00
500,2,7,1,0.70,0.70,0.70,0.00
500,2,8,1,0.80,0.80,0.80,0.00
500,2,9,0,0.00,0.00,0.00,0.00
500,3,0,0,0.00,0.00,0.00,0.00
500,3,1,1,0.14,0.14,0.14,0.00
500,3,2,1,0.20,0.20,0.20,0.00
500,3,3,1,0.30,0.30,0.30,0.00
500,3,4,1,0.40,0.40,0.40,0.00
500,3,5,1,0.50,0.50,0.50,0.00
500,3,6,1,0.60,0.60,0.60,0.00
500,3,7,1,0.70,0.70,0.70,0.00
500,3,8,1,0.80,0.80,0.80,0.00
500,3,9,1,0.90,0.90,0.90,0.00
500,4,0,0,0.00,0.00,0.00,0.00
500,4,1,1,0.15,0.15,0.15,0.00
500,4,2,1,0.20,0.20,0.20,0.00
500,4,3,2,0.30,0.30,0.30,0.00
500,4,4,3,0.40,0.40,0.40,0.00
500,4,5,3,0.50,0.50,0.50,0.00
500,4,6,2,0.60,0.60,0.60,0.00
500,4,7,2,0.70,0.70,0.70,0.00
500,4,8,1,0.80,0.80,0.80,0.00
500,4,9,1,0.90,0.90,0.90,0.00
500,5,0,0,0.00,0.00,0.00,0.00
500,5,1,1,0.15,0.15,0.15,0.00
500,5,2,1,0.20,0.20,0.20,0.00
500,5,3,3,0.30,0.36,0.32,0.03
500,5,4,6,0.40,0.40,0.40,0.00
500,5,5,6,0.50,0.51,0.50,0.00
500,5,6,5,0.60,0.60,0.60,0.00
500,5,7,4,0.70,0.70,0.70,0.00
500,5,8,4,0.80,0.84,0.81,0.02
500,5,9,2,0.90,0.90,0.90,0.00
500,6,0,0,0.00,0.00,0.00,0.00
500,6,1,2,0.17,0.18,0.17,0.00
500,6,2,6,0.20,0.30,0.26,0.04
500,6,3,8,0.30,0.40,0.31,0.03
500,6,4,10,0.40,0.41,0.40,0.00
500,6,5,9,0.50,0.55,0.51,0.02
500,6,6,9,0.60,0.61,0.60,0.00
500,6,7,6,0.70,0.70,0.70,0.00
500,6,8,8,0.80,0.81,0.80,0.00
500,6,9,4,0.90,0.90,0.90,0.00
500,7,0,0,0.00,0.00,0.00,0.00
500,7,1,4,0.14,0.18,0.17,0.02
500,7,2,4,0.20,0.20,0.20,0.00
500,7,3,13,0.30,0.37,0.32,0.03
500,7,4,14,0.40,0.44,0.40,0.01
500,7,5,15,0.50,0.59,0.51,0.02
500,7,6,15,0.60,0.66,0.61,0.02
500,7,7,12,0.70,0.79,0.71,0.02
500,7,8,12,0.80,0.80,0.80,0.00
500,7,9,12,0.90,0.92,0.90,0.00
500,8,0,0,0.00,0.00,0.00,0.00
500,8,1,3,0.14,0.19,0.17,0.02
500,8,2,6,0.20,0.24,0.22,0.01
500,8,3,11,0.30,0.37,0.31,0.02
500,8,4,17,0.40,0.49,0.41,0.03
500,8,5,20,0.50,0.56,0.50,0.01
500,8,6,18,0.60,0.60,0.60,0.00
500,8,7,20,0.70,0.71,0.70,0.00
500,8,8,15,0.80,0.81,0.80,0.00
500,8,9,16,0.90,0.93,0.90,0.01
500,9,0,0,0.00,0.00,0.00,0.00
500,9,1,1,0.15,0.15,0.15,0.00
500,9,2,7,0.20,0.28,0.23,0.03
500,9,3,12,0.30,0.38,0.31,0.02
500,9,4,18,0.40,0.45,0.41,0.01
500,9,5,18,0.50,0.59,0.51,0.02
500,9,6,22,0.60,0.69,0.61,0.02
500,9,7,24,0.70,0.73,0.70,0.01
500,9,8,19,0.80,0.89,0.81,0.02
500,9,9,22,0.90,0.98,0.91,0.02
