0,0,0,16,0.16,0.19,0.17,0.01
0,0,1,5,0.20,0.31,0.23,0.04
0,0,2,0,0.00,0.00,0.00,0.00
0,0,3,0,0.00,0.00,0.00,0.00
0,0,4,0,0.00,0.00,0.00,0.00
0,1,0,10,0.14,0.20,0.17,0.02
0,1,1,11,0.20,0.38,0.27,0.05
0,1,2,0,0.00,0.00,0.00,0.00
0,1,3,0,0.00,0.00,0.00,0.00
0,1,4,0,0.00,0.00,0.00,0.00
0,2,0,4,0.18,0.19,0.19,0.01
0,2,1,13,0.22,0.34,0.27,0.03
0,2,2,3,0.42,0.48,0.45,0.03
0,2,3,1,0.65,0.65,0.65,0.00
0,2,4,0,0.00,0.00,0.00,0.00
0,3,0,0,0.00,0.00,0.00,0.00
0,3,1,10,0.23,0.33,0.27,0.03
0,3,2,2,0.53,0.55,0.54,0.01
0,3,3,4,0.71,0.79,0.75,0.03
0,3,4,1,0.81,0.81,0.81,0.00
0,4,0,0,0.00,0.00,0.00,0.00
0,4,1,13,0.26,0.39,0.32,0.04
0,4,2,6,0.43,0.59,0.51,0.05
0,4,3,0,0.00,0.00,0.00,0.00
0,4,4,0,0.00,0.00,0.00,0.00
50,0,0,1,0.15,0.15,0.15,0.00
50,0,1,1,0.16,0.16,0.16,0.00
50,0,2,0,0.00,0.00,0.00,0.00
50,0,3,0,0.00,0.00,0.00,0.00
50,0,4,0,0.00,0.00,0.00,0.00
50,1,0,2,0.12,0.13,0.13,0.01
50,1,1,1,0.16,0.16,0.16,0.00
50,1,2,0,0.00,0.00,0.00,0.00
50,1,3,0,0.00,0.00,0.00,0.00
50,1,4,0,0.00,0.00,0.00,0.00
50,2,0,3,0.12,0.19,0.15,0.03
50,2,1,5,0.17,0.21,0.19,0.01
50,2,2,1,0.28,0.28,0.28,0.00
50,2,3,1,0.57,0.57,0.57,0.00
50,2,4,0,0.00,0.00,0.00,0.00
50,3,0,4,0.17,0.19,0.18,0.01
50,3,1,8,0.19,0.25,0.21,0.02
50,3,2,5,0.31,0.45,0.36,0.05
50,3,3,1,0.48,0.48,0.48,0.00
50,3,4,1,0.75,0.75,0.75,0.00
50,4,0,0,0.00,0.00,0.00,0.00
50,4,1,14,0.20,0.40,0.26,0.05
50,4,2,11,0.22,0.51,0.37,0.09
50,4,3,2,0.31,0.40,0.36,0.04
50,4,4,1,0.54,0.54,0.54,0.00
100,0,0,1,0.14,0.14,0.14,0.00
100,0,1,1,0.13,0.13,0.13,0.00
100,0,2,0,0.00,0.00,0.00,0.00
100,0,3,0,0.00,0.00,0.00,0.00
100,0,4,0,0.00,0.00,0.00,0.00
100,1,0,2,0.12,0.12,0.12,0.00
100,1,1,1,0.15,0.15,0.15,0.00
100,1,2,0,0.00,0.00,0.00,0.00
100,1,3,0,0.00,0.00,0.00,0.00
100,1,4,0,0.00,0.00,0.00,0.00
100,2,0,3,0.12,0.17,0.13,0.02
100,2,1,3,0.16,0.17,0.16,0.00
100,2,2,2,0.23,0.44,0.33,0.10
100,2,3,1,0.50,0.50,0.50,0.00
100,2,4,0,0.00,0.00,0.00,0.00
100,3,0,5,0.16,0.17,0.16,0.00
100,3,1,6,0.15,0.22,0.19,0.02
100,3,2,5,0.21,0.40,0.29,0.07
100,3,3,1,0.32,0.32,0.32,0.00
100,3,4,1,0.74,0.74,0.74,0.00
100,4,0,2,0.16,0.18,0.17,0.01
100,4,1,11,0.19,0.24,0.21,0.01
100,4,2,10,0.22,0.43,0.31,0.07
100,4,3,3,0.22,0.62,0.42,0.16
100,4,4,2,0.46,0.48,0.47,0.01
150,0,0,1,0.13,0.13,0.13,0.00
150,0,1,1,0.13,0.13,0.13,0.00
150,0,2,0,0.00,0.00,0.00,0.00
150,0,3,0,0.00,0.00,0.00,0.00
150,0,4,0,0.00,0.00,0.00,0.00
150,1,0,2,0.11,0.12,0.11,0.01
150,1,1,1,0.15,0.15,0.15,0.00
150,1,2,0,0.00,0.00,0.00,0.00
150,1,3,0,0.00,0.00,0.00,0.00
150,1,4,0,0.00,0.00,0.00,0.00
150,2,0,2,0.11,0.13,0.12,0.01
150,2,1,4,0.13,0.26,0.18,0.05
150,2,2,1,0.20,0.20,0.20,0.00
150,2,3,1,0.50,0.50,0.50,0.00
150,2,4,0,0.00,0.00,0.00,0.00
150,3,0,6,0.14,0.19,0.16,0.02
150,3,1,6,0.15,0.31,0.19,0.05
150,3,2,3,0.20,0.25,0.23,0.02
150,3,3,1,0.27,0.27,0.27,0.00
150,3,4,1,0.74,0.74,0.74,0.00
150,4,0,5,0.15,0.18,0.17,0.01
150,4,1,10,0.17,0.24,0.20,0.02
150,4,2,8,0.20,0.48,0.29,0.09
150,4,3,2,0.22,0.29,0.26,0.04
150,4,4,1,0.40,0.40,0.40,0.00
200,0,0,1,0.12,0.12,0.12,0.00
200,0,1,1,0.12,0.12,0.12,0.00
200,0,2,0,0.00,0.00,0.00,0.00
200,0,3,0,0.00,0.00,0.00,0.00
200,0,4,0,0.00,0.00,0.00,0.00
200,1,0,2,0.11,0.12,0.11,0.01
200,1,1,1,0.15,0.15,0.15,0.00
200,1,2,0,0.00,0.00,0.00,0.00
200,1,3,0,0.00,0.00,0.00,0.00
200,1,4,0,0.00,0.00,0.00,0.00
200,2,0,3,0.10,0.14,0.12,0.01
200,2,1,4,0.13,0.22,0.16,0.03
200,2,2,1,0.20,0.20,0.20,0.00
200,2,3,1,0.48,0.48,0.48,0.00
200,2,4,0,0.00,0.00,0.00,0.00
200,3,0,4,0.12,0.19,0.15,0.03
200,3,1,7,0.14,0.20,0.18,0.02
200,3,2,3,0.18,0.22,0.20,0.02
200,3,3,1,0.22,0.22,0.22,0.00
200,3,4,1,0.70,0.70,0.70,0.00
200,4,0,5,0.13,0.18,0.15,0.02
200,4,1,8,0.16,0.21,0.18,0.01
200,4,2,5,0.17,0.44,0.26,0.11
200,4,3,2,0.17,0.25,0.21,0.04
200,4,4,1,0.33,0.33,0.33,0.00
250,0,0,1,0.12,0.12,0.12,0.00
250,0,1,1,0.12,0.12,0.12,0.00
250,0,2,0,0.00,0.00,0.00,0.00
250,0,3,0,0.00,0.00,0.00,0.00
250,0,4,0,0.00,0.00,0.00,0.00
250,1,0,1,0.10,0.10,0.10,0.00
250,1,1,1,0.14,0.14,0.14,0.00
250,1,2,0,0.00,0.00,0.00,0.00
250,1,3,0,0.00,0.00,0.00,0.00
250,1,4,0,0.00,0.00,0.00,0.00
250,2,0,2,0.10,0.12,0.11,0.01
250,2,1,5,0.13,0.20,0.17,0.03
250,2,2,1,0.15,0.15,0.15,0.00
250,2,3,1,0.45,0.45,0.45,0.00
250,2,4,0,0.00,0.00,0.00,0.00
250,3,0,5,0.12,0.15,0.13,0.01
250,3,1,6,0.14,0.18,0.17,0.02
250,3,2,3,0.17,0.21,0.18,0.01
250,3,3,1,0.19,0.19,0.19,0.00
250,3,4,1,0.56,0.56,0.56,0.00
250,4,0,5,0.13,0.15,0.14,0.01
250,4,1,10,0.15,0.22,0.18,0.02
250,4,2,7,0.16,0.43,0.30,0.12
250,4,3,1,0.17,0.17,0.17,0.00
250,4,4,1,0.27,0.27,0.27,0.00
300,0,0,1,0.11,0.11,0.11,0.00
300,0,1,1,0.12,0.12,0.12,0.00
300,0,2,0,0.00,0.00,0.00,0.00
300,0,3,0,0.00,0.00,0.00,0.00
300,0,4,0,0.00,0.00,0.00,0.00
300,1,0,1,0.10,0.10,0.10,0.00
300,1,1,1,0.13,0.13,0.13,0.00
300,1,2,0,0.00,0.00,0.00,0.00
300,1,3,0,0.00,0.00,0.00,0.00
300,1,4,0,0.00,0.00,0.00,0.00
300,2,0,1,0.10,0.10,0.10,0.00
300,2,1,3,0.12,0.15,0.13,0.01
300,2,2,1,0.15,0.15,0.15,0.00
300,2,3,1,0.22,0.22,0.22,0.00
300,2,4,0,0.00,0.00,0.00,0.00
300,3,0,5,0.12,0.17,0.14,0.02
300,3,1,5,0.14,0.25,0.19,0.04
300,3,2,3,0.15,0.19,0.17,0.02
300,3,3,1,0.17,0.17,0.17,0.00
300,3,4,1,0.55,0.55,0.55,0.00
300,4,0,5,0.12,0.15,0.13,0.01
300,4,1,7,0.13,0.21,0.18,0.03
300,4,2,5,0.16,0.37,0.28,0.09
300,4,3,1,0.17,0.17,0.17,0.00
300,4,4,1,0.26,0.26,0.26,0.00
350,0,0,1,0.11,0.11,0.11,0.00
350,0,1,1,0.12,0.12,0.12,0.00
350,0,2,0,0.00,0.00,0.00,0.00
350,0,3,0,0.00,0.00,0.00,0.00
350,0,4,0,0.00,0.00,0.00,0.00
350,1,0,1,0.10,0.10,0.10,0.00
350,1,1,1,0.13,0.13,0.13,0.00
350,1,2,0,0.00,0.00,0.00,0.00
350,1,3,0,0.00,0.00,0.00,0.00
350,1,4,0,0.00,0.00,0.00,0.00
350,2,0,2,0.09,0.14,0.12,0.03
350,2,1,4,0.12,0.20,0.15,0.03
350,2,2,1,0.13,0.13,0.13,0.00
350,2,3,1,0.20,0.20,0.20,0.00
350,2,4,0,0.00,0.00,0.00,0.00
350,3,0,2,0.10,0.12,0.11,0.01
350,3,1,7,0.14,0.22,0.19,0.03
350,3,2,3,0.14,0.18,0.16,0.01
350,3,3,1,0.16,0.16,0.16,0.00
350,3,4,1,0.46,0.46,0.46,0.00
350,4,0,5,0.12,0.15,0.13,0.01
350,4,1,8,0.12,0.20,0.18,0.03
350,4,2,6,0.15,0.37,0.26,0.07
350,4,3,1,0.17,0.17,0.17,0.00
350,4,4,1,0.22,0.22,0.22,0.00
400,0,0,1,0.11,0.11,0.11,0.00
400,0,1,1,0.12,0.12,0.12,0.00
400,0,2,0,0.00,0.00,0.00,0.00
400,0,3,0,0.00,0.00,0.00,0.00
400,0,4,0,0.00,0.00,0.00,0.00
400,1,0,1,0.09,0.09,0.09,0.00
400,1,1,1,0.13,0.13,0.13,0.00
400,1,2,0,0.00,0.00,0.00,0.00
400,1,3,0,0.00,0.00,0.00,0.00
400,1,4,0,0.00,0.00,0.00,0.00
400,2,0,1,0.09,0.09,0.09,0.00
400,2,1,3,0.11,0.19,0.14,0.04
400,2,2,1,0.11,0.11,0.11,0.00
400,2,3,1,0.18,0.18,0.18,0.00
400,2,4,0,0.00,0.00,0.00,0.00
400,3,0,3,0.10,0.16,0.13,0.02
400,3,1,7,0.14,0.23,0.18,0.03
400,3,2,3,0.14,0.17,0.16,0.02
400,3,3,1,0.16,0.16,0.16,0.00
400,3,4,1,0.44,0.44,0.44,0.00
400,4,0,6,0.10,0.15,0.13,0.02
400,4,1,9,0.12,0.23,0.18,0.03
400,4,2,8,0.15,0.47,0.28,0.11
400,4,3,1,0.17,0.17,0.17,0.00
400,4,4,1,0.20,0.20,0.20,0.00
450,0,0,1,0.11,0.11,0.11,0.00
450,0,1,1,0.11,0.11,0.11,0.00
450,0,2,0,0.00,0.00,0.00,0.00
450,0,3,0,0.00,0.00,0.00,0.00
450,0,4,0,0.00,0.00,0.00,0.00
450,1,0,1,0.09,0.09,0.09,0.00
450,1,1,1,0.12,0.12,0.12,0.00
450,1,2,0,0.00,0.00,0.00,0.00
450,1,3,0,0.00,0.00,0.00,0.00
450,1,4,0,0.00,0.00,0.00,0.00
450,2,0,1,0.09,0.09,0.09,0.00
450,2,1,3,0.11,0.12,0.12,0.00
450,2,2,1,0.11,0.11,0.11,0.00
450,2,3,1,0.18,0.18,0.18,0.00
450,2,4,0,0.00,0.00,0.00,0.00
450,3,0,4,0.10,0.18,0.13,0.03
450,3,1,4,0.12,0.18,0.15,0.02
450,3,2,4,0.11,0.35,0.19,0.10
450,3,3,1,0.15,0.15,0.15,0.00
450,3,4,1,0.24,0.24,0.24,0.00
450,4,0,5,0.10,0.14,0.12,0.01
450,4,1,9,0.11,0.20,0.17,0.02
450,4,2,7,0.15,0.36,0.26,0.07
450,4,3,2,0.17,0.53,0.35,0.18
450,4,4,1,0.20,0.20,0.20,0.00
