0,0,0,16,0.17,0.19,0.18,0.01
0,0,1,4,0.21,0.22,0.21,0.00
0,0,2,0,0.00,0.00,0.00,0.00
0,0,3,0,0.00,0.00,0.00,0.00
0,0,4,0,0.00,0.00,0.00,0.00
0,1,0,7,0.18,0.20,0.18,0.01
0,1,1,12,0.21,0.35,0.28,0.04
0,1,2,1,0.54,0.54,0.54,0.00
0,1,3,0,0.00,0.00,0.00,0.00
0,1,4,0,0.00,0.00,0.00,0.00
0,2,0,0,0.00,0.00,0.00,0.00
0,2,1,18,0.20,0.40,0.31,0.07
0,2,2,2,0.52,0.57,0.55,0.02
0,2,3,0,0.00,0.00,0.00,0.00
0,2,4,0,0.00,0.00,0.00,0.00
0,3,0,0,0.00,0.00,0.00,0.00
0,3,1,11,0.23,0.33,0.29,0.03
0,3,2,3,0.45,0.47,0.46,0.01
0,3,3,4,0.63,0.76,0.71,0.05
0,3,4,1,0.83,0.83,0.83,0.00
0,4,0,0,0.00,0.00,0.00,0.00
0,4,1,6,0.23,0.40,0.31,0.06
0,4,2,8,0.43,0.59,0.51,0.06
0,4,3,3,0.60,0.72,0.64,0.05
0,4,4,3,0.80,0.99,0.88,0.08
50,0,0,3,0.17,0.18,0.17,0.00
50,0,1,3,0.18,0.25,0.21,0.03
50,0,2,0,0.00,0.00,0.00,0.00
50,0,3,0,0.00,0.00,0.00,0.00
50,0,4,0,0.00,0.00,0.00,0.00
50,1,0,9,0.13,0.19,0.16,0.02
50,1,1,11,0.17,0.23,0.20,0.02
50,1,2,1,0.28,0.28,0.28,0.00
50,1,3,0,0.00,0.00,0.00,0.00
50,1,4,0,0.00,0.00,0.00,0.00
50,2,0,7,0.13,0.19,0.15,0.02
50,2,1,25,0.14,0.34,0.21,0.04
50,2,2,9,0.21,0.39,0.30,0.06
50,2,3,0,0.00,0.00,0.00,0.00
50,2,4,0,0.00,0.00,0.00,0.00
50,3,0,5,0.18,0.18,0.18,0.00
50,3,1,53,0.18,0.39,0.24,0.05
50,3,2,33,0.23,0.47,0.37,0.06
50,3,3,7,0.33,0.62,0.46,0.13
50,3,4,1,0.50,0.50,0.50,0.00
50,4,0,5,0.16,0.20,0.19,0.01
50,4,1,70,0.20,0.40,0.29,0.06
50,4,2,77,0.25,0.56,0.38,0.06
50,4,3,36,0.32,0.75,0.52,0.10
50,4,4,2,0.34,0.49,0.41,0.07
100,0,0,2,0.17,0.17,0.17,0.00
100,0,1,2,0.18,0.19,0.18,0.01
100,0,2,0,0.00,0.00,0.00,0.00
100,0,3,0,0.00,0.00,0.00,0.00
100,0,4,0,0.00,0.00,0.00,0.00
100,1,0,9,0.12,0.18,0.15,0.02
100,1,1,8,0.16,0.23,0.19,0.02
100,1,2,1,0.18,0.18,0.18,0.00
100,1,3,0,0.00,0.00,0.00,0.00
100,1,4,0,0.00,0.00,0.00,0.00
100,2,0,14,0.11,0.20,0.17,0.03
100,2,1,28,0.12,0.33,0.21,0.04
100,2,2,9,0.18,0.49,0.32,0.12
100,2,3,0,0.00,0.00,0.00,0.00
100,2,4,0,0.00,0.00,0.00,0.00
100,3,0,16,0.13,0.20,0.17,0.02
100,3,1,69,0.15,0.39,0.24,0.05
100,3,2,45,0.20,0.58,0.35,0.09
100,3,3,15,0.27,0.66,0.47,0.14
100,3,4,1,0.50,0.50,0.50,0.00
100,4,0,14,0.16,0.19,0.18,0.01
100,4,1,94,0.16,0.39,0.26,0.06
100,4,2,102,0.20,0.58,0.37,0.08
100,4,3,50,0.27,0.79,0.50,0.13
100,4,4,7,0.32,0.84,0.58,0.19
150,0,0,2,0.16,0.17,0.17,0.00
150,0,1,1,0.17,0.17,0.17,0.00
150,0,2,0,0.00,0.00,0.00,0.00
150,0,3,0,0.00,0.00,0.00,0.00
150,0,4,0,0.00,0.00,0.00,0.00
150,1,0,8,0.11,0.16,0.13,0.02
150,1,1,7,0.16,0.21,0.19,0.02
150,1,2,1,0.15,0.15,0.15,0.00
150,1,3,0,0.00,0.00,0.00,0.00
150,1,4,0,0.00,0.00,0.00,0.00
150,2,0,9,0.10,0.17,0.14,0.02
150,2,1,22,0.12,0.36,0.19,0.05
150,2,2,5,0.17,0.40,0.27,0.08
150,2,3,0,0.00,0.00,0.00,0.00
150,2,4,0,0.00,0.00,0.00,0.00
150,3,0,29,0.10,0.20,0.16,0.02
150,3,1,76,0.13,0.40,0.23,0.06
150,3,2,39,0.15,0.47,0.32,0.09
150,3,3,12,0.23,0.60,0.33,0.11
150,3,4,1,0.46,0.46,0.46,0.00
150,4,0,26,0.13,0.20,0.17,0.02
150,4,1,111,0.14,0.38,0.24,0.06
150,4,2,125,0.18,0.58,0.35,0.09
150,4,3,50,0.20,0.73,0.46,0.15
150,4,4,9,0.27,0.76,0.46,0.13
200,0,0,1,0.16,0.16,0.16,0.00
200,0,1,1,0.16,0.16,0.16,0.00
200,0,2,0,0.00,0.00,0.00,0.00
200,0,3,0,0.00,0.00,0.00,0.00
200,0,4,0,0.00,0.00,0.00,0.00
200,1,0,6,0.11,0.16,0.14,0.02
200,1,1,8,0.14,0.24,0.19,0.03
200,1,2,1,0.15,0.15,0.15,0.00
200,1,3,0,0.00,0.00,0.00,0.00
200,1,4,0,0.00,0.00,0.00,0.00
200,2,0,10,0.09,0.20,0.15,0.03
200,2,1,29,0.10,0.30,0.20,0.04
200,2,2,5,0.12,0.35,0.24,0.09
200,2,3,0,0.00,0.00,0.00,0.00
200,2,4,0,0.00,0.00,0.00,0.00
200,3,0,34,0.09,0.20,0.17,0.02
200,3,1,85,0.12,0.35,0.22,0.05
200,3,2,41,0.14,0.55,0.31,0.10
200,3,3,11,0.18,0.59,0.29,0.12
200,3,4,1,0.32,0.32,0.32,0.00
200,4,0,39,0.13,0.20,0.17,0.02
200,4,1,119,0.11,0.39,0.23,0.06
200,4,2,127,0.14,0.58,0.34,0.09
200,4,3,47,0.20,0.73,0.45,0.17
200,4,4,8,0.23,0.54,0.36,0.11
250,0,0,1,0.16,0.16,0.16,0.00
250,0,1,1,0.16,0.16,0.16,0.00
250,0,2,0,0.00,0.00,0.00,0.00
250,0,3,0,0.00,0.00,0.00,0.00
250,0,4,0,0.00,0.00,0.00,0.00
250,1,0,5,0.10,0.16,0.13,0.03
250,1,1,3,0.13,0.20,0.17,0.03
250,1,2,1,0.14,0.14,0.14,0.00
250,1,3,0,0.00,0.00,0.00,0.00
250,1,4,0,0.00,0.00,0.00,0.00
250,2,0,13,0.09,0.19,0.15,0.03
250,2,1,29,0.10,0.35,0.20,0.05
250,2,2,4,0.12,0.29,0.19,0.06
250,2,3,0,0.00,0.00,0.00,0.00
250,2,4,0,0.00,0.00,0.00,0.00
250,3,0,43,0.08,0.20,0.16,0.03
250,3,1,93,0.11,0.38,0.21,0.05
250,3,2,40,0.14,0.52,0.31,0.10
250,3,3,10,0.17,0.63,0.31,0.16
250,3,4,1,0.32,0.32,0.32,0.00
250,4,0,45,0.10,0.20,0.16,0.02
250,4,1,133,0.11,0.40,0.23,0.06
250,4,2,136,0.14,0.55,0.32,0.09
250,4,3,40,0.19,0.77,0.42,0.16
250,4,4,7,0.23,0.48,0.30,0.08
300,0,0,1,0.14,0.14,0.14,0.00
300,0,1,1,0.16,0.16,0.16,0.00
300,0,2,0,0.00,0.00,0.00,0.00
300,0,3,0,0.00,0.00,0.00,0.00
300,0,4,0,0.00,0.00,0.00,0.00
300,1,0,4,0.10,0.15,0.12,0.02
300,1,1,4,0.13,0.21,0.17,0.03
300,1,2,1,0.13,0.13,0.13,0.00
300,1,3,0,0.00,0.00,0.00,0.00
300,1,4,0,0.00,0.00,0.00,0.00
300,2,0,17,0.09,0.19,0.15,0.03
300,2,1,19,0.10,0.25,0.17,0.04
300,2,2,4,0.11,0.42,0.25,0.13
300,2,3,0,0.00,0.00,0.00,0.00
300,2,4,0,0.00,0.00,0.00,0.00
300,3,0,51,0.08,0.20,0.16,0.03
300,3,1,97,0.11,0.40,0.21,0.05
300,3,2,40,0.12,0.56,0.30,0.11
300,3,3,7,0.15,0.61,0.33,0.15
300,3,4,2,0.28,0.82,0.55,0.27
300,4,0,51,0.09,0.20,0.16,0.02
300,4,1,151,0.11,0.39,0.23,0.06
300,4,2,147,0.14,0.59,0.33,0.10
300,4,3,40,0.18,0.65,0.40,0.15
300,4,4,10,0.19,0.85,0.42,0.26
350,0,0,1,0.14,0.14,0.14,0.00
350,0,1,1,0.16,0.16,0.16,0.00
350,0,2,0,0.00,0.00,0.00,0.00
350,0,3,0,0.00,0.00,0.00,0.00
350,0,4,0,0.00,0.00,0.00,0.00
350,1,0,3,0.10,0.12,0.11,0.01
350,1,1,1,0.13,0.13,0.13,0.00
350,1,2,1,0.13,0.13,0.13,0.00
350,1,3,0,0.00,0.00,0.00,0.00
350,1,4,0,0.00,0.00,0.00,0.00
350,2,0,13,0.09,0.19,0.15,0.03
350,2,1,22,0.10,0.27,0.18,0.04
350,2,2,5,0.10,0.48,0.27,0.15
350,2,3,0,0.00,0.00,0.00,0.00
350,2,4,0,0.00,0.00,0.00,0.00
350,3,0,39,0.08,0.20,0.15,0.03
350,3,1,90,0.11,0.38,0.20,0.05
350,3,2,40,0.12,0.49,0.29,0.11
350,3,3,7,0.13,0.70,0.40,0.20
350,3,4,1,0.25,0.25,0.25,0.00
350,4,0,61,0.08,0.20,0.16,0.03
350,4,1,150,0.10,0.40,0.22,0.06
350,4,2,136,0.13,0.59,0.31,0.10
350,4,3,38,0.17,0.69,0.38,0.17
350,4,4,8,0.16,0.79,0.36,0.21
400,0,0,1,0.14,0.14,0.14,0.00
400,0,1,1,0.14,0.14,0.14,0.00
400,0,2,0,0.00,0.00,0.00,0.00
400,0,3,0,0.00,0.00,0.00,0.00
400,0,4,0,0.00,0.00,0.00,0.00
400,1,0,1,0.10,0.10,0.10,0.00
400,1,1,1,0.12,0.12,0.12,0.00
400,1,2,1,0.11,0.11,0.11,0.00
400,1,3,0,0.00,0.00,0.00,0.00
400,1,4,0,0.00,0.00,0.00,0.00
400,2,0,8,0.08,0.16,0.14,0.02
400,2,1,21,0.10,0.31,0.18,0.05
400,2,2,3,0.10,0.21,0.15,0.05
400,2,3,1,0.33,0.33,0.33,0.00
400,2,4,0,0.00,0.00,0.00,0.00
400,3,0,49,0.07,0.20,0.16,0.03
400,3,1,96,0.10,0.31,0.20,0.04
400,3,2,31,0.11,0.49,0.26,0.11
400,3,3,8,0.13,0.64,0.37,0.16
400,3,4,2,0.19,0.86,0.53,0.33
400,4,0,79,0.08,0.20,0.16,0.03
400,4,1,146,0.10,0.40,0.21,0.05
400,4,2,121,0.12,0.58,0.31,0.11
400,4,3,40,0.16,0.68,0.38,0.18
400,4,4,8,0.16,0.89,0.37,0.25
450,0,0,1,0.13,0.13,0.13,0.00
450,0,1,1,0.14,0.14,0.14,0.00
450,0,2,0,0.00,0.00,0.00,0.00
450,0,3,0,0.00,0.00,0.00,0.00
450,0,4,0,0.00,0.00,0.00,0.00
450,1,0,1,0.10,0.10,0.10,0.00
450,1,1,2,0.12,0.19,0.15,0.04
450,1,2,1,0.11,0.11,0.11,0.00
450,1,3,0,0.00,0.00,0.00,0.00
450,1,4,0,0.00,0.00,0.00,0.00
450,2,0,10,0.08,0.18,0.15,0.03
450,2,1,20,0.10,0.28,0.17,0.05
450,2,2,2,0.10,0.19,0.14,0.05
450,2,3,1,0.27,0.27,0.27,0.00
450,2,4,0,0.00,0.00,0.00,0.00
450,3,0,56,0.07,0.20,0.16,0.03
450,3,1,87,0.10,0.39,0.19,0.04
450,3,2,34,0.11,0.52,0.28,0.13
450,3,3,7,0.13,0.60,0.34,0.16
450,3,4,2,0.19,0.70,0.45,0.26
450,4,0,75,0.08,0.20,0.15,0.03
450,4,1,161,0.09,0.37,0.21,0.05
450,4,2,135,0.11,0.57,0.32,0.11
450,4,3,38,0.16,0.74,0.38,0.18
450,4,4,9,0.16,0.90,0.49,0.29
